4294967279,116
4294967279,115
4294967279,114
4294967279,113
4294967279,112
4294967279,111
4294967279,110
4294967279,109
4294967279,108
4294967279,107
4294967279,106
4294967279,105
4294967279,104
4294967279,103
4294967279,102
4294967279,101
4294967279,100
4294967278,36
4294967278,35
4294967278,34
4294967278,33
4294967278,32
4294967278,31
4294967278,30
4294967278,29
4294967278,28
4294967278,27
4294967278,26
4294967278,25
4294967278,24
4294967278,23
4294967278,22
4294967278,21
4294967278,20
4294967278,19
4294967278,18
4294967278,17
4294967278,16
4294967278,15
4294967278,14
4294967278,13
4294967278,12
4294967278,11
4294967278,10
4294967278,9
4294967278,8
4294967278,7
4294967278,6
4294967278,5
4294967278,4
4294967279,132
4294967279,131
4294967279,130
4294967279,129
4294967279,128
4294967279,127
4294967279,126
4294967279,125
4294967279,124
4294967279,123
4294967279,122
4294967279,121
4294967279,120
4294967279,119
4294967279,118
4294967279,117
4294967279,288
4294967279,24
4294967279,23
4294967279,22
4294967279,20
4294967279,19
4294967279,18
4294967279,17
4294967279,15
4294967279,12
4294967279,11
4294967294,126
4294967294,12
4294967294,18
4294967278,233
4294967278,231
4294967278,229
4294967278,226
4294967294,437
4294967278,224
4294967278,225
4294967278,222
4294967278,215
4294967278,218
15,5
15,4
4294967278,216
15,3
15,2
15,1
4294967278,323
4294967279,516
4294967278,322
4294967279,515
4294967278,321
4294967294,396
4294967294,421
4294967294,415
4294967294,420
4294967294,454
4294967294,468
4294967294,169
4294967294,418
4294967279,514
4294967278,320
4294967278,210
4294967279,513
4294967278,209
4294967278,319
4294967278,208
4294967279,512
4294967278,204
4294967278,206
14,5
14,4
4294967278,205
14,3
14,2
14,1
4294967278,318
4294967279,136
4294967278,317
4294967279,133
4294967279,319
4294967278,316
4294967279,318
4294967278,315
4294967278,199
4294967294,1421
4294967279,317
4294967278,198
4294967278,314
4294967278,197
4294967279,316
4294967278,195
13,6
13,5
4294967278,194
13,4
13,3
13,2
13,1
4294967279,315
4294967278,193
4294967279,314
4294967278,313
4294967279,313
4294967278,312
4294967279,312
4294967278,311
4294967278,188
4294967279,311
4294967278,187
4294967278,310
4294967278,186
4294967279,310
4294967278,182
4294967278,184
4294967278,183
4294967278,309
4294967278,181
11,7
4294967278,180
11,6
11,5
4294967278,179
11,4
11,3
11,2
11,1
4294967279,309
4294967278,178
4294967294,388
4294967294,1050
4294967278,177
4294967278,176
4294967278,308
4294967294,387
4294967294,386
4294967278,175
4294967294,395
4294967294,409
4294967294,399
4294967294,1082
4294967294,407
4294967294,179
4294967294,178
4294967294,183
4294967294,1084
4294967294,589
4294967294,448
4294967294,116
4294967294,402
4294967294,466
4294967278,173
4294967279,308
4294967278,172
4294967294,469
4294967278,171
4294967278,170
4294967278,307
0,7
4294967294,419
4294967278,169
4294967294,470
4294967294,186
4294967294,187
4294967294,441
4294967294,1035
4294967294,0
4294967278,306
4294967279,307
4294967278,305
4294967279,306
4294967278,304
4294967279,305
4294967294,69
4294967278,303
4294967294,392
4294967294,393
0,5
4294967294,389
4294967294,114
4294967294,120
4294967294,2
4294967278,302
4294967279,304
4294967294,1083
4294967294,429
4294967294,44
4294967294,40
4294967294,41
4294967294,38
4294967294,37
4294967294,43
4294967294,89
4294967278,301
4294967294,107
4294967294,81
4294967294,50
4294967294,92
4294967294,91
4294967294,90
4294967294,88
4294967294,87
4294967294,86
4294967294,85
4294967294,84
4294967294,1080
4294967294,1047
4294967294,29
4294967294,413
4294967294,28
4294967294,1053
4294967294,27
4294967294,53
4294967294,52
4294967294,45
4294967294,96
4294967294,94
4294967294,9
4294967278,162
4294967294,8
4294967278,260
4294967278,0
4294967294,7
4294967294,6
4294967294,22
4294967294,166
4294967294,168
4294967294,161
4294967294,76
4294967294,165
4294967294,113
4294967294,1085
4294967294,83
4294967294,46
4294967294,1
4294967294,5
4294967294,115
4294967294,112
4294967294,167
